# Program:featureCounts v1.5.0-p1; Command:""featureCounts"" ""-a"" ""ws254.saf"" ""-o"" ""counts.txt"" ""-s"" ""2"" ""-F"" ""SAF"" ""1_S1_R1_001"" ""2_S2_R1_001"" ""3_S3_R1_001"" ""4_S4_R1_001"" ""5_S5_R1_001"" ""6_S6_R1_001"" ""7_S7_R1_001"" "
Geneid	Chr	Start	End	Strand	Length	s1_S1_R1_001	s2_S2_R1_001	s3_S3_R1_001	s5_S5_R1_001	s6_S6_R1_001	s7_S7_R1_001
WBGene00023193	chrI	3747	3909	-	163	170	0	0	1	28	26
WBGene00022277	chrI	4116	10230	-	6115	332	63	232	181	372	381
WBGene00022276	chrI	11495	16837	+	5343	11850	5536	9317	15795	7992	21898
WBGene00022278	chrI	17487	26781	-	9295	870	1075	821	1059	1136	1250
WBGene00235381	chrI	22882	23600	-	719	0	0	0	0	0	0
WBGene00022279	chrI	27591	32544	-	4954	3220	1287	3059	3769	4674	4533
WBGene00170953	chrI	31523	31543	+	21	0	0	0	0	0	0
WBGene00173569	chrI	32415	32435	+	21	0	0	0	1	0	5
WBGene00022275	chrI	43733	44677	+	945	3	0	14	8	6	0
WBGene00044345	chrI	47467	49857	+	2391	525	308	441	530	522	672
WBGene00021677	chrI	49919	54426	+	4508	339	287	240	318	445	419
WBGene00021678	chrI	55293	64066	-	8774	19	0	3	9	0	0
WBGene00000812	chrI	71425	81071	+	9647	1914	905	1745	2003	2662	2708
WBGene00021683	chrI	81193	91020	+	9828	778	187	793	721	734	912
WBGene00021679	chrI	84991	86293	-	1303	178	95	179	284	184	325
WBGene00021682	chrI	91380	92877	+	1498	460	190	231	366	709	482
WBGene00021676	chrI	93024	94884	+	1861	309	9	274	260	226	263
WBGene00189949	chrI	94828	95367	-	540	20	29	7	5	19	40
WBGene00021681	chrI	96544	108223	-	11680	1000	448	879	1026	1314	1308
WBGene00004274	chrI	108670	110107	-	1438	12515	4105	6810	9189	12211	12089
WBGene00199899	chrI	110551	110771	-	221	1	0	1	0	0	0
WBGene00199597	chrI	110576	110724	+	149	0	0	0	0	0	0
WBGene00004418	chrI	111038	112295	+	1258	37115	13378	15760	18230	34727	39244
WBGene00202494	chrI	111287	111436	-	150	0	0	0	0	0	0
WBGene00023461	chrI	111292	111425	+	134	0	0	0	0	0	0
WBGene00018774	chrI	112285	113721	+	1437	181	114	143	165	233	170
WBGene00018773	chrI	113807	114704	+	898	17	0	5	21	10	22
WBGene00171818	chrI	115656	115676	-	21	0	0	0	0	0	0
WBGene00000622	chrI	115739	117438	+	1700	3	0	6	7	0	8
WBGene00004962	chrI	118109	120870	+	2762	0	0	0	4	0	0
WBGene00003229	chrI	127297	134065	+	6769	1052	327	1045	1295	1854	1659
WBGene00018772	chrI	134337	137282	+	2946	373	55	178	198	381	276
WBGene00018771	chrI	137845	144565	+	6721	10	0	7	6	0	0
WBGene00000253	chrI	146486	154850	-	8365	87	159	63	100	111	106
WBGene00004225	chrI	160172	166819	-	6648	156	137	141	171	246	215
WBGene00018958	chrI	171340	175989	+	4650	222	1	157	119	196	214
WBGene00201018	chrI	178232	178291	-	60	0	0	0	0	0	0
WBGene00018957	chrI	178538	182161	+	3624	49	0	37	45	66	59
WBGene00018955	chrI	182079	182772	-	694	257	131	65	62	171	225
WBGene00000227	chrI	183364	208465	+	25102	426	344	666	400	420	603
WBGene00023295	chrI	185335	185409	+	75	0	0	0	0	0	0
WBGene00021666	chrI	209281	211732	+	2452	43	61	34	53	133	85
WBGene00004246	chrI	212256	215491	-	3236	78	0	100	17	62	25
WBGene00021662	chrI	216028	216996	+	969	5	0	9	0	0	27
WBGene00255594	chrI	218060	219099	+	1040	0	0	0	0	0	8
WBGene00021664	chrI	219735	221575	-	1841	15	0	0	3	0	22
WBGene00021671	chrI	231692	238252	-	6561	5	0	0	1	0	18
WBGene00021672	chrI	238616	239021	-	406	0	0	0	0	0	0
WBGene00021668	chrI	240491	245414	+	4924	1	0	2	0	0	0
WBGene00021673	chrI	248624	251580	-	2957	5	32	4	6	31	10
WBGene00021667	chrI	252118	254277	+	2160	4	0	5	1	0	22
WBGene00021675	chrI	254277	259157	-	4881	97	30	151	152	122	118
WBGene00220069	chrI	263502	263618	-	117	0	0	0	0	0	0
WBGene00169222	chrI	272603	272623	-	21	0	0	0	0	0	0
WBGene00166448	chrI	272607	272627	-	21	0	0	0	0	0	0
WBGene00016904	chrI	280120	280445	+	326	202	87	172	156	293	218
WBGene00016903	chrI	283500	286115	+	2616	1911	656	1144	1470	1985	2003
WBGene00016905	chrI	286088	289185	-	3098	630	162	424	402	810	890
WBGene00016902	chrI	291215	305468	+	14254	1948	782	1290	1360	2134	2159
WBGene00016906	chrI	305811	311130	-	5320	287	32	230	86	284	251
WBGene00002077	chrI	310981	314989	-	4009	5558	1916	4529	4643	5684	5220
WBGene00235385	chrI	316637	318258	-	1622	24	65	11	25	45	56
WBGene00002079	chrI	318390	323352	-	4963	850	248	509	553	691	773
WBGene00021660	chrI	323855	330978	+	7124	636	81	354	356	1065	606
WBGene00000917	chrI	332611	337839	+	5229	1250	610	812	957	1079	1218
WBGene00021661	chrI	343069	348424	-	5356	10	0	22	29	13	32
WBGene00021658	chrI	347469	348357	+	889	11	0	0	1	18	15
WBGene00021657	chrI	348460	357193	+	8734	209	25	101	162	138	213
WBGene00020087	chrI	357240	363901	-	6662	7	0	0	1	0	18
WBGene00020091	chrI	364510	368319	+	3810	8	0	3	7	21	36
WBGene00020088	chrI	368370	373445	-	5076	212	77	92	132	115	304
WBGene00020089	chrI	373571	379073	-	5503	386	63	132	136	312	408
WBGene00004143	chrI	379071	381902	-	2832	7468	3754	6867	8416	6335	7749
WBGene00006385	chrI	382648	388564	+	5917	1379	405	912	1098	1282	1471
WBGene00020090	chrI	388470	394415	-	5946	1546	1087	1526	1786	1555	2118
WBGene00021733	chrI	398891	412915	+	14025	2565	1232	1723	2160	2300	2945
WBGene00021734	chrI	412911	418660	-	5750	701	181	379	377	301	389
WBGene00015570	chrI	420922	423713	+	2792	336	122	262	235	717	527
WBGene00006593	chrI	443999	461605	+	17607	5968	1998	5811	6027	9021	7137
WBGene00021026	chrI	461995	462651	+	657	671	439	372	381	931	889
WBGene00021027	chrI	462657	467131	-	4475	1060	492	786	1044	1756	1765
WBGene00166632	chrI	463304	463324	+	21	0	0	0	0	0	0
WBGene00235387	chrI	471135	473890	+	2756	331	97	113	300	234	605
WBGene00021025	chrI	477582	481954	+	4373	88	238	38	32	36	107
WBGene00235388	chrI	482040	483880	-	1841	0	0	0	0	0	0
WBGene00021028	chrI	484126	487990	-	3865	14	0	21	14	15	19
WBGene00021024	chrI	488607	489905	+	1299	935	427	388	689	979	1233
WBGene00001814	chrI	489969	496150	+	6182	1689	264	1240	507	1907	1574
WBGene00022035	chrI	496144	502042	-	5899	2	0	0	0	17	9
WBGene00022036	chrI	502932	506250	-	3319	7	0	4	3	0	19
WBGene00022034	chrI	506469	509056	+	2588	36	35	8	33	44	58
WBGene00022039	chrI	508850	511051	-	2202	24	0	5	14	27	20
WBGene00022037	chrI	511052	519800	-	8749	3900	1235	3220	3103	3983	3941
WBGene00196781	chrI	512017	512166	+	150	0	0	0	0	0	0
WBGene00196389	chrI	514364	514492	+	129	0	0	0	0	0	0
WBGene00022038	chrI	520109	521554	-	1446	3	38	0	4	0	0
WBGene00195369	chrI	526048	526139	-	92	0	0	0	0	0	0
WBGene00197961	chrI	530215	530326	+	112	0	0	0	0	0	0
WBGene00200577	chrI	530395	530683	-	289	0	0	0	0	0	0
WBGene00022033	chrI	530969	533084	+	2116	19	31	13	14	0	12
WBGene00220190	chrI	532968	533039	+	72	0	0	0	0	0	0
WBGene00022043	chrI	534455	535344	+	890	9	0	1	0	0	82
WBGene00022042	chrI	535791	536670	+	880	9953	6652	3660	5313	9539	13235
WBGene00201456	chrI	536804	536931	-	128	0	0	0	0	0	0
WBGene00007009	chrI	537122	542200	+	5079	8112	3456	7867	7659	10147	8777
WBGene00220191	chrI	539086	539242	+	157	0	0	0	0	0	0
WBGene00004235	chrI	550696	556638	+	5943	3489	812	1726	2353	2496	2811
WBGene00202444	chrI	553658	553785	+	128	0	0	0	0	0	0
WBGene00002393	chrI	557375	561671	+	4297	16	0	33	14	19	69
WBGene00022040	chrI	562736	565181	+	2446	56	10	59	49	0	49
WBGene00000434	chrI	565436	566414	-	979	182	70	151	206	262	241
WBGene00001725	chrI	572177	575120	-	2944	2	30	1	0	16	15
WBGene00044427	chrI	582288	583748	-	1461	4	0	1	0	0	10
WBGene00235390	chrI	585119	585376	+	258	0	0	0	0	0	0
WBGene00002040	chrI	585831	607601	-	21771	487	412	527	582	789	543
WBGene00200417	chrI	613290	613379	-	90	0	0	0	0	0	0
WBGene00201449	chrI	613290	613379	+	90	0	0	0	0	0	2
WBGene00018923	chrI	614651	629444	-	14794	159	153	89	105	99	318
WBGene00018921	chrI	618160	621490	+	3331	71	20	42	21	20	19
WBGene00022028	chrI	621708	622187	+	480	22	0	20	16	11	34
WBGene00022029	chrI	629492	636350	-	6859	2723	1360	1277	1696	1859	2779
WBGene00220188	chrI	630006	630218	-	213	0	0	0	0	0	0
WBGene00220189	chrI	630926	631035	-	110	0	0	0	0	0	0
WBGene00022027	chrI	636804	637852	+	1049	1081	608	767	934	1187	1672
WBGene00022026	chrI	638129	653986	+	15858	880	182	648	767	916	1034
WBGene00022030	chrI	645626	647242	-	1617	4	0	0	0	0	19
WBGene00022025	chrI	654090	658810	+	4721	380	140	427	547	394	621
WBGene00022031	chrI	659557	663686	-	4130	599	105	239	327	321	730
WBGene00022032	chrI	664426	666900	-	2475	0	0	0	0	0	10
WBGene00044461	chrI	667615	674413	-	6799	2	0	0	2	22	0
WBGene00021215	chrI	680408	683472	+	3065	250	0	96	59	144	204
WBGene00021214	chrI	682876	686599	-	3724	7	28	7	13	0	15
WBGene00021207	chrI	688286	691267	+	2982	0	0	0	0	0	0
WBGene00021210	chrI	692026	694948	-	2923	1354	518	807	1359	1526	1715
WBGene00021208	chrI	694982	698322	-	3341	1261	618	708	1014	1565	1907
WBGene00021209	chrI	700274	715874	-	15601	2735	1032	2229	2119	2903	2622
WBGene00004332	chrI	717893	719816	-	1924	26	0	7	18	0	44
WBGene00004028	chrI	719929	731078	+	11150	133	155	97	89	139	197
WBGene00044434	chrI	731068	736552	-	5485	30	0	25	41	35	26
WBGene00236789	chrI	740835	741878	+	1044	67	0	30	64	61	49
WBGene00000623	chrI	741913	745570	-	3658	3	0	0	4	0	0
WBGene00198328	chrI	742120	742286	-	167	0	0	0	0	0	0
WBGene00000624	chrI	745859	748288	+	2430	0	0	1	0	0	0
WBGene00021213	chrI	748228	757010	-	8783	4	0	0	0	0	0
WBGene00023169	chrI	754680	754763	+	84	0	0	0	0	0	0
WBGene00197162	chrI	757536	757618	+	83	0	0	0	0	0	0
WBGene00021212	chrI	758756	760429	+	1674	0	0	0	4	0	0
WBGene00020282	chrI	760848	761849	-	1002	0	0	0	0	0	0
WBGene00020283	chrI	763597	770720	+	7124	19	59	2	5	0	28
WBGene00020281	chrI	770892	776369	+	5478	0	0	0	0	0	5
WBGene00196394	chrI	774365	774585	+	221	0	0	0	0	0	0
WBGene00196011	chrI	774439	774584	-	146	0	0	0	0	0	0
WBGene00201573	chrI	779157	779241	-	85	0	0	0	0	0	0
WBGene00201667	chrI	788097	788219	+	123	22	0	8	15	49	23
WBGene00195514	chrI	796997	797295	-	299	0	0	0	0	5	0
WBGene00199422	chrI	801555	801698	-	144	0	0	0	0	0	0
WBGene00022518	chrI	803368	835277	+	31910	16356	7713	25451	21579	27405	22246
WBGene00023398	chrI	803800	803872	+	73	0	0	0	0	0	0
WBGene00200408	chrI	806419	806659	-	241	0	0	0	0	0	0
WBGene00201436	chrI	806510	806659	+	150	0	0	0	0	0	0
WBGene00202093	chrI	809294	809476	+	183	0	0	0	0	0	0
WBGene00197978	chrI	812295	812442	-	148	0	0	6	0	0	0
WBGene00195610	chrI	815976	816026	+	51	0	0	0	0	0	0
WBGene00200506	chrI	816036	816306	+	271	0	0	0	0	0	0
WBGene00197264	chrI	834416	834465	+	50	0	0	0	0	0	0
WBGene00022517	chrI	837996	841746	+	3751	59	26	75	30	79	113
WBGene00022519	chrI	841742	846763	-	5022	7006	2256	6498	7868	9380	8674
WBGene00202359	chrI	846171	846491	+	321	0	0	0	0	0	0
WBGene00022388	chrI	853451	872103	+	18653	1436	728	1686	1856	1484	1595
WBGene00022389	chrI	873164	882713	-	9550	17420	5183	9177	13002	20552	15507
WBGene00022386	chrI	882918	890194	+	7277	433	201	269	271	449	400
WBGene00022390	chrI	889771	895105	-	5335	117	65	141	148	142	175
WBGene00001678	chrI	897286	906077	+	8792	530	159	449	448	559	584
WBGene00220217	chrI	906339	906481	+	143	2	0	0	0	0	0
WBGene00022385	chrI	907448	911189	+	3742	5	0	3	1	0	5
WBGene00022391	chrI	912415	926877	-	14463	16972	4558	12886	14787	22360	22161
WBGene00201274	chrI	916168	916317	+	150	6	0	0	1	0	8
WBGene00022383	chrI	938464	941773	+	3310	157	155	40	70	87	167
WBGene00003548	chrI	942257	947710	+	5454	20	0	16	8	69	18
WBGene00199411	chrI	942547	942652	-	106	1	0	0	0	0	0
WBGene00200422	chrI	942547	942652	+	106	0	0	0	0	0	0
WBGene00195544	chrI	946027	946117	+	91	0	0	0	0	0	0
WBGene00023199	chrI	946044	946115	-	72	0	0	0	0	0	0
WBGene00003238	chrI	948569	957404	-	8836	4749	944	3061	3922	4768	4219
WBGene00018787	chrI	963700	969426	-	5727	170	262	191	138	187	373
WBGene00018788	chrI	969089	976503	-	7415	1957	785	1722	1973	1640	1781
WBGene00197993	chrI	979125	979274	+	150	0	0	0	0	0	0
WBGene00200860	chrI	979125	979274	-	150	0	0	0	0	0	0
WBGene00018786	chrI	989671	992181	+	2511	440	43	356	300	335	120
WBGene00016932	chrI	996045	1005066	+	9022	2550	855	1911	1937	3357	3088
WBGene00196934	chrI	996207	996655	+	449	0	0	0	0	0	0
WBGene00199650	chrI	996277	996576	-	300	0	0	0	0	0	4
WBGene00016931	chrI	1006102	1010765	+	4664	523	187	248	301	493	387
WBGene00016930	chrI	1011371	1014455	-	3085	5	0	4	0	0	52
WBGene00236808	chrI	1015204	1015731	-	528	1	0	0	0	0	5
WBGene00005002	chrI	1016403	1017180	+	778	118	49	14	19	117	112
WBGene00021335	chrI	1018835	1019229	+	395	29	0	20	25	167	59
WBGene00021327	chrI	1019827	1029910	-	10084	1800	889	967	1301	1610	2313
